        0.7600318836          0.0084818704         -0.0025122557          0.1286055770          0.2248021036          0.0000000000         -0.1739911839         -0.0172981903  
        0.0084818704          0.7600318836         -0.0025122557          0.1286055770         -0.2248021036          0.0000000000         -0.1739911839         -0.0172981903  
       -0.0025122557         -0.0025122557         29.0031999455         -0.1680109393          0.0000000000          0.0000000000          0.0000000000         -0.0485312249  
        0.1286055770          0.1286055770         -0.1680109393          0.8081279549          0.0000000000          0.0000000000          0.0000000000          0.0443157406  
        0.2248021036         -0.2248021036          0.0000000000          0.0000000000          2.5287311982          0.0000000000          0.0000000000          0.0000000000  
        0.0000000000          0.0000000000          0.0000000000          0.0000000000          0.0000000000          2.5287311982          0.0000000000          0.0000000000  
       -0.1739911839         -0.1739911839          0.0000000000          0.0000000000          0.0000000000          0.0000000000          2.5287311982          0.2719222139  
       -0.0172981903         -0.0172981903         -0.0485312249          0.0443157406          0.0000000000          0.0000000000          0.2719222139          1.5000000000  
