       -4.2618745903         -1.2919301256         -1.6863738500         -3.2533727707         -1.8018172126          0.0000000000          1.3945612825         -0.3410968346  
       -1.2919301256         -4.2618745903         -1.6863738500         -3.2533727707          1.8018172126          0.0000000000          1.3945612825         -0.3410968346  
       -1.6863738500         -1.6863738500        -60.6184549054         -7.1830794447          0.0000000000          0.0000000000          0.0000000000         -0.4583790799  
       -3.2533727707         -3.2533727707         -7.1830794447         -9.0519186735          0.0000000000          0.0000000000          0.0000000000         -1.6976574015  
       -1.8018172126          1.8018172126          0.0000000000          0.0000000000         -8.9794547266          0.0000000000          0.0000000000          0.0000000000  
        0.0000000000          0.0000000000          0.0000000000          0.0000000000          0.0000000000         -8.9794547266          0.0000000000          0.0000000000  
        1.3945612825          1.3945612825          0.0000000000          0.0000000000          0.0000000000          0.0000000000         -8.9794547266         -2.2078018140  
       -0.3410968346         -0.3410968346         -0.4583790799         -1.6976574015          0.0000000000          0.0000000000         -2.2078018140         -4.2327523053  
