      -55.4965821304        -45.9703753131        -13.0876676215         -6.6570219232         -2.8889397679         -1.2848457102         -0.4661944906          0.0000000000          0.0000000000          0.0000000000          0.0000000000          0.0000000000          0.0000000000          0.0000000000          0.0000000000          0.0000000000  
      -45.9703753131        -39.3205161862        -16.2015289820         -8.7938437532         -3.9358661389         -1.7682639388         -0.6440881306          0.0000000000          0.0000000000          0.0000000000          0.0000000000          0.0000000000          0.0000000000          0.0000000000          0.0000000000          0.0000000000  
      -13.0876676215        -16.2015289820        -15.0205077092        -10.9252422622         -5.9359819017         -2.8768441707         -1.0809109777          0.0000000000          0.0000000000          0.0000000000          0.0000000000          0.0000000000          0.0000000000          0.0000000000          0.0000000000          0.0000000000  
       -6.6570219232         -8.7938437532        -10.9252422622         -9.6458494519         -6.3672071835         -3.4183994832         -1.3476926380          0.0000000000          0.0000000000          0.0000000000          0.0000000000          0.0000000000          0.0000000000          0.0000000000          0.0000000000          0.0000000000  
       -2.8889397679         -3.9358661389         -5.9359819017         -6.3672071835         -5.5968401959         -3.7468470016         -1.6890694664          0.0000000000          0.0000000000          0.0000000000          0.0000000000          0.0000000000          0.0000000000          0.0000000000          0.0000000000          0.0000000000  
       -1.2848457102         -1.7682639388         -2.8768441707         -3.4183994832         -3.7468470016         -3.2910821154         -1.9105942047          0.0000000000          0.0000000000          0.0000000000          0.0000000000          0.0000000000          0.0000000000          0.0000000000          0.0000000000          0.0000000000  
       -0.4661944906         -0.6440881306         -1.0809109777         -1.3476926380         -1.6890694664         -1.9105942047         -1.6864760521          0.0000000000          0.0000000000          0.0000000000          0.0000000000          0.0000000000          0.0000000000          0.0000000000          0.0000000000          0.0000000000  
        0.0000000000          0.0000000000          0.0000000000          0.0000000000          0.0000000000          0.0000000000          0.0000000000         -3.2015416886          0.0000000000          0.0000000000         -1.4230343019          0.0000000000          0.0000000000         -0.5031729431          0.0000000000          0.0000000000  
        0.0000000000          0.0000000000          0.0000000000          0.0000000000          0.0000000000          0.0000000000          0.0000000000          0.0000000000         -3.2015416886          0.0000000000          0.0000000000         -1.4230343019          0.0000000000          0.0000000000         -0.5031729431          0.0000000000  
        0.0000000000          0.0000000000          0.0000000000          0.0000000000          0.0000000000          0.0000000000          0.0000000000          0.0000000000          0.0000000000         -3.2015416886          0.0000000000          0.0000000000         -1.4230343019          0.0000000000          0.0000000000         -0.5031729431  
        0.0000000000          0.0000000000          0.0000000000          0.0000000000          0.0000000000          0.0000000000          0.0000000000         -1.4230343019          0.0000000000          0.0000000000         -1.6051016300          0.0000000000          0.0000000000         -0.9563487813          0.0000000000          0.0000000000  
        0.0000000000          0.0000000000          0.0000000000          0.0000000000          0.0000000000          0.0000000000          0.0000000000          0.0000000000         -1.4230343019          0.0000000000          0.0000000000         -1.6051016300          0.0000000000          0.0000000000         -0.9563487813          0.0000000000  
        0.0000000000          0.0000000000          0.0000000000          0.0000000000          0.0000000000          0.0000000000          0.0000000000          0.0000000000          0.0000000000         -1.4230343019          0.0000000000          0.0000000000         -1.6051016300          0.0000000000          0.0000000000         -0.9563487813  
        0.0000000000          0.0000000000          0.0000000000          0.0000000000          0.0000000000          0.0000000000          0.0000000000         -0.5031729431          0.0000000000          0.0000000000         -0.9563487813          0.0000000000          0.0000000000         -0.9727019670          0.0000000000          0.0000000000  
        0.0000000000          0.0000000000          0.0000000000          0.0000000000          0.0000000000          0.0000000000          0.0000000000          0.0000000000         -0.5031729431          0.0000000000          0.0000000000         -0.9563487813          0.0000000000          0.0000000000         -0.9727019670          0.0000000000  
        0.0000000000          0.0000000000          0.0000000000          0.0000000000          0.0000000000          0.0000000000          0.0000000000          0.0000000000          0.0000000000         -0.5031729431          0.0000000000          0.0000000000         -0.9563487813          0.0000000000          0.0000000000         -0.9727019670  
