      196.0729238353         81.6302250645         14.1104647340          6.8588241766          2.9171449104          1.2890773660          0.4665908978          0.0000000000          0.0000000000          0.0000000000          0.0000000000          0.0000000000          0.0000000000          0.0000000000          0.0000000000          0.0000000000  
       81.6302250645         66.0279061385         18.5664255779          9.3191355764          4.0133501773          1.7800926652          0.6452035558          0.0000000000          0.0000000000          0.0000000000          0.0000000000          0.0000000000          0.0000000000          0.0000000000          0.0000000000          0.0000000000  
       14.1104647340         18.5664255779         17.8309764971         12.2489079688          6.2413728426          2.9318259520          1.0864494352          0.0000000000          0.0000000000          0.0000000000          0.0000000000          0.0000000000          0.0000000000          0.0000000000          0.0000000000          0.0000000000  
        6.8588241766          9.3191355764         12.2489079688         10.7266829884          6.7843598324          3.5148366621          1.3585659465          0.0000000000          0.0000000000          0.0000000000          0.0000000000          0.0000000000          0.0000000000          0.0000000000          0.0000000000          0.0000000000  
        2.9171449104          4.0133501773          6.2413728426          6.7843598324          5.9436720249          3.8883139519          1.7112484829          0.0000000000          0.0000000000          0.0000000000          0.0000000000          0.0000000000          0.0000000000          0.0000000000          0.0000000000          0.0000000000  
        1.2890773660          1.7800926652          2.9318259520          3.5148366621          3.8883139519          3.4079493622          1.9453906622          0.0000000000          0.0000000000          0.0000000000          0.0000000000          0.0000000000          0.0000000000          0.0000000000          0.0000000000          0.0000000000  
        0.4665908978          0.6452035558          1.0864494352          1.3585659465          1.7112484829          1.9453906622          1.7166353416          0.0000000000          0.0000000000          0.0000000000          0.0000000000          0.0000000000          0.0000000000          0.0000000000          0.0000000000          0.0000000000  
        0.0000000000          0.0000000000          0.0000000000          0.0000000000          0.0000000000          0.0000000000          0.0000000000          5.1147193662          0.0000000000          0.0000000000          1.7500629838          0.0000000000          0.0000000000          0.5477391344          0.0000000000          0.0000000000  
        0.0000000000          0.0000000000          0.0000000000          0.0000000000          0.0000000000          0.0000000000          0.0000000000          0.0000000000          5.1147193662          0.0000000000          0.0000000000          1.7500629838          0.0000000000          0.0000000000          0.5477391344          0.0000000000  
        0.0000000000          0.0000000000          0.0000000000          0.0000000000          0.0000000000          0.0000000000          0.0000000000          0.0000000000          0.0000000000          5.1147193662          0.0000000000          0.0000000000          1.7500629838          0.0000000000          0.0000000000          0.5477391344  
        0.0000000000          0.0000000000          0.0000000000          0.0000000000          0.0000000000          0.0000000000          0.0000000000          1.7500629838          0.0000000000          0.0000000000          1.9820927485          0.0000000000          0.0000000000          1.0879099438          0.0000000000          0.0000000000  
        0.0000000000          0.0000000000          0.0000000000          0.0000000000          0.0000000000          0.0000000000          0.0000000000          0.0000000000          1.7500629838          0.0000000000          0.0000000000          1.9820927485          0.0000000000          0.0000000000          1.0879099438          0.0000000000  
        0.0000000000          0.0000000000          0.0000000000          0.0000000000          0.0000000000          0.0000000000          0.0000000000          0.0000000000          0.0000000000          1.7500629838          0.0000000000          0.0000000000          1.9820927485          0.0000000000          0.0000000000          1.0879099438  
        0.0000000000          0.0000000000          0.0000000000          0.0000000000          0.0000000000          0.0000000000          0.0000000000          0.5477391344          0.0000000000          0.0000000000          1.0879099438          0.0000000000          0.0000000000          1.0983656731          0.0000000000          0.0000000000  
        0.0000000000          0.0000000000          0.0000000000          0.0000000000          0.0000000000          0.0000000000          0.0000000000          0.0000000000          0.5477391344          0.0000000000          0.0000000000          1.0879099438          0.0000000000          0.0000000000          1.0983656731          0.0000000000  
        0.0000000000          0.0000000000          0.0000000000          0.0000000000          0.0000000000          0.0000000000          0.0000000000          0.0000000000          0.0000000000          0.5477391344          0.0000000000          0.0000000000          1.0879099438          0.0000000000          0.0000000000          1.0983656731  
