       70.2881708525         17.8299248757          0.5113985563          0.1009011267          0.0141025712          0.0021158279          0.0001982036          0.0000000000          0.0000000000          0.0000000000          0.0000000000          0.0000000000          0.0000000000          0.0000000000          0.0000000000          0.0000000000  
       17.8299248757         13.3536949761          1.1824482980          0.2626459116          0.0387420192          0.0059143632          0.0005577126          0.0000000000          0.0000000000          0.0000000000          0.0000000000          0.0000000000          0.0000000000          0.0000000000          0.0000000000          0.0000000000  
        0.5113985563          1.1824482980          1.4052343940          0.6618328533          0.1526954705          0.0274908906          0.0027692287          0.0000000000          0.0000000000          0.0000000000          0.0000000000          0.0000000000          0.0000000000          0.0000000000          0.0000000000          0.0000000000  
        0.1009011267          0.2626459116          0.6618328533          0.5404167683          0.2085763244          0.0482185895          0.0054366542          0.0000000000          0.0000000000          0.0000000000          0.0000000000          0.0000000000          0.0000000000          0.0000000000          0.0000000000          0.0000000000  
        0.0141025712          0.0387420192          0.1526954705          0.2085763244          0.1734159145          0.0707334752          0.0110895082          0.0000000000          0.0000000000          0.0000000000          0.0000000000          0.0000000000          0.0000000000          0.0000000000          0.0000000000          0.0000000000  
        0.0021158279          0.0059143632          0.0274908906          0.0482185895          0.0707334752          0.0584336234          0.0173982287          0.0000000000          0.0000000000          0.0000000000          0.0000000000          0.0000000000          0.0000000000          0.0000000000          0.0000000000          0.0000000000  
        0.0001982036          0.0005577126          0.0027692287          0.0054366542          0.0110895082          0.0173982287          0.0150796447          0.0000000000          0.0000000000          0.0000000000          0.0000000000          0.0000000000          0.0000000000          0.0000000000          0.0000000000          0.0000000000  
        0.0000000000          0.0000000000          0.0000000000          0.0000000000          0.0000000000          0.0000000000          0.0000000000          0.9565888388          0.0000000000          0.0000000000          0.1635143409          0.0000000000          0.0000000000          0.0222830957          0.0000000000          0.0000000000  
        0.0000000000          0.0000000000          0.0000000000          0.0000000000          0.0000000000          0.0000000000          0.0000000000          0.0000000000          0.9565888388          0.0000000000          0.0000000000          0.1635143409          0.0000000000          0.0000000000          0.0222830957          0.0000000000  
        0.0000000000          0.0000000000          0.0000000000          0.0000000000          0.0000000000          0.0000000000          0.0000000000          0.0000000000          0.0000000000          0.9565888388          0.0000000000          0.0000000000          0.1635143409          0.0000000000          0.0000000000          0.0222830957  
        0.0000000000          0.0000000000          0.0000000000          0.0000000000          0.0000000000          0.0000000000          0.0000000000          0.1635143409          0.0000000000          0.0000000000          0.1884955592          0.0000000000          0.0000000000          0.0657805812          0.0000000000          0.0000000000  
        0.0000000000          0.0000000000          0.0000000000          0.0000000000          0.0000000000          0.0000000000          0.0000000000          0.0000000000          0.1635143409          0.0000000000          0.0000000000          0.1884955592          0.0000000000          0.0000000000          0.0657805812          0.0000000000  
        0.0000000000          0.0000000000          0.0000000000          0.0000000000          0.0000000000          0.0000000000          0.0000000000          0.0000000000          0.0000000000          0.1635143409          0.0000000000          0.0000000000          0.1884955592          0.0000000000          0.0000000000          0.0657805812  
        0.0000000000          0.0000000000          0.0000000000          0.0000000000          0.0000000000          0.0000000000          0.0000000000          0.0222830957          0.0000000000          0.0000000000          0.0657805812          0.0000000000          0.0000000000          0.0628318531          0.0000000000          0.0000000000  
        0.0000000000          0.0000000000          0.0000000000          0.0000000000          0.0000000000          0.0000000000          0.0000000000          0.0000000000          0.0222830957          0.0000000000          0.0000000000          0.0657805812          0.0000000000          0.0000000000          0.0628318531          0.0000000000  
        0.0000000000          0.0000000000          0.0000000000          0.0000000000          0.0000000000          0.0000000000          0.0000000000          0.0000000000          0.0000000000          0.0222830957          0.0000000000          0.0000000000          0.0657805812          0.0000000000          0.0000000000          0.0628318531  
