       12.5663706144          9.2837146920          2.3615508133          1.1880043639          0.5130463152          0.2278212207          0.0826141659          0.0000000000          0.0000000000          0.0000000000          0.0000000000          0.0000000000          0.0000000000          0.0000000000          0.0000000000          0.0000000000  
        9.2837146920         12.5663706144          5.9103784076          3.1930472922          1.4243130521          0.6391031037          0.2326773825          0.0000000000          0.0000000000          0.0000000000          0.0000000000          0.0000000000          0.0000000000          0.0000000000          0.0000000000          0.0000000000  
        2.3615508133          5.9103784076         12.5663706144         10.6540708607          6.2151875761          3.0789289960          1.1662272869          0.0000000000          0.0000000000          0.0000000000          0.0000000000          0.0000000000          0.0000000000          0.0000000000          0.0000000000          0.0000000000  
        1.1880043639          3.1930472922         10.6540708607         12.5663706144          9.9821373219          5.7454106536          2.3284821537          0.0000000000          0.0000000000          0.0000000000          0.0000000000          0.0000000000          0.0000000000          0.0000000000          0.0000000000          0.0000000000  
        0.5130463152          1.4243130521          6.2151875761          9.9821373219         12.5663706144         10.1685570896          5.0224222029          0.0000000000          0.0000000000          0.0000000000          0.0000000000          0.0000000000          0.0000000000          0.0000000000          0.0000000000          0.0000000000  
        0.2278212207          0.6391031037          3.0789289960          5.7454106536         10.1685570896         12.5663706144          9.1200392540          0.0000000000          0.0000000000          0.0000000000          0.0000000000          0.0000000000          0.0000000000          0.0000000000          0.0000000000          0.0000000000  
        0.0826141659          0.2326773825          1.1662272869          2.3284821537          5.0224222029          9.1200392540         12.5663706144          0.0000000000          0.0000000000          0.0000000000          0.0000000000          0.0000000000          0.0000000000          0.0000000000          0.0000000000          0.0000000000  
        0.0000000000          0.0000000000          0.0000000000          0.0000000000          0.0000000000          0.0000000000          0.0000000000          4.1887902048          0.0000000000          0.0000000000          2.2473716046          0.0000000000          0.0000000000          0.8018156646          0.0000000000          0.0000000000  
        0.0000000000          0.0000000000          0.0000000000          0.0000000000          0.0000000000          0.0000000000          0.0000000000          0.0000000000          4.1887902048          0.0000000000          0.0000000000          2.2473716046          0.0000000000          0.0000000000          0.8018156646          0.0000000000  
        0.0000000000          0.0000000000          0.0000000000          0.0000000000          0.0000000000          0.0000000000          0.0000000000          0.0000000000          0.0000000000          4.1887902048          0.0000000000          0.0000000000          2.2473716046          0.0000000000          0.0000000000          0.8018156646  
        0.0000000000          0.0000000000          0.0000000000          0.0000000000          0.0000000000          0.0000000000          0.0000000000          2.2473716046          0.0000000000          0.0000000000          4.1887902048          0.0000000000          0.0000000000          2.9235813888          0.0000000000          0.0000000000  
        0.0000000000          0.0000000000          0.0000000000          0.0000000000          0.0000000000          0.0000000000          0.0000000000          0.0000000000          2.2473716046          0.0000000000          0.0000000000          4.1887902048          0.0000000000          0.0000000000          2.9235813888          0.0000000000  
        0.0000000000          0.0000000000          0.0000000000          0.0000000000          0.0000000000          0.0000000000          0.0000000000          0.0000000000          0.0000000000          2.2473716046          0.0000000000          0.0000000000          4.1887902048          0.0000000000          0.0000000000          2.9235813888  
        0.0000000000          0.0000000000          0.0000000000          0.0000000000          0.0000000000          0.0000000000          0.0000000000          0.8018156646          0.0000000000          0.0000000000          2.9235813888          0.0000000000          0.0000000000          4.1887902048          0.0000000000          0.0000000000  
        0.0000000000          0.0000000000          0.0000000000          0.0000000000          0.0000000000          0.0000000000          0.0000000000          0.0000000000          0.8018156646          0.0000000000          0.0000000000          2.9235813888          0.0000000000          0.0000000000          4.1887902048          0.0000000000  
        0.0000000000          0.0000000000          0.0000000000          0.0000000000          0.0000000000          0.0000000000          0.0000000000          0.0000000000          0.0000000000          0.8018156646          0.0000000000          0.0000000000          2.9235813888          0.0000000000          0.0000000000          4.1887902048  
