        5.5933549160          1.4188603395          0.0406958041          0.0080294565          0.0011222470          0.0001683722          0.0000157725          0.0000000000          0.0000000000          0.0000000000          0.0000000000          0.0000000000          0.0000000000          0.0000000000          0.0000000000          0.0000000000  
        1.4188603395          1.0626532820          0.0940962458          0.0209006976          0.0030829919          0.0004706501          0.0000443814          0.0000000000          0.0000000000          0.0000000000          0.0000000000          0.0000000000          0.0000000000          0.0000000000          0.0000000000          0.0000000000  
        0.0406958041          0.0940962458          0.1118250000          0.0526669851          0.0121511195          0.0021876556          0.0002203682          0.0000000000          0.0000000000          0.0000000000          0.0000000000          0.0000000000          0.0000000000          0.0000000000          0.0000000000          0.0000000000  
        0.0080294565          0.0209006976          0.0526669851          0.0430050000          0.0165979765          0.0038371134          0.0004326352          0.0000000000          0.0000000000          0.0000000000          0.0000000000          0.0000000000          0.0000000000          0.0000000000          0.0000000000          0.0000000000  
        0.0011222470          0.0030829919          0.0121511195          0.0165979765          0.0138000000          0.0056287911          0.0008824750          0.0000000000          0.0000000000          0.0000000000          0.0000000000          0.0000000000          0.0000000000          0.0000000000          0.0000000000          0.0000000000  
        0.0001683722          0.0004706501          0.0021876556          0.0038371134          0.0056287911          0.0046500000          0.0013845071          0.0000000000          0.0000000000          0.0000000000          0.0000000000          0.0000000000          0.0000000000          0.0000000000          0.0000000000          0.0000000000  
        0.0000157725          0.0000443814          0.0002203682          0.0004326352          0.0008824750          0.0013845071          0.0012000000          0.0000000000          0.0000000000          0.0000000000          0.0000000000          0.0000000000          0.0000000000          0.0000000000          0.0000000000          0.0000000000  
        0.0000000000          0.0000000000          0.0000000000          0.0000000000          0.0000000000          0.0000000000          0.0000000000          0.2283687633          0.0000000000          0.0000000000          0.0390361734          0.0000000000          0.0000000000          0.0053196972          0.0000000000          0.0000000000  
        0.0000000000          0.0000000000          0.0000000000          0.0000000000          0.0000000000          0.0000000000          0.0000000000          0.0000000000          0.2283687633          0.0000000000          0.0000000000          0.0390361734          0.0000000000          0.0000000000          0.0053196972          0.0000000000  
        0.0000000000          0.0000000000          0.0000000000          0.0000000000          0.0000000000          0.0000000000          0.0000000000          0.0000000000          0.0000000000          0.2283687633          0.0000000000          0.0000000000          0.0390361734          0.0000000000          0.0000000000          0.0053196972  
        0.0000000000          0.0000000000          0.0000000000          0.0000000000          0.0000000000          0.0000000000          0.0000000000          0.0390361734          0.0000000000          0.0000000000          0.0450000000          0.0000000000          0.0000000000          0.0157039570          0.0000000000          0.0000000000  
        0.0000000000          0.0000000000          0.0000000000          0.0000000000          0.0000000000          0.0000000000          0.0000000000          0.0000000000          0.0390361734          0.0000000000          0.0000000000          0.0450000000          0.0000000000          0.0000000000          0.0157039570          0.0000000000  
        0.0000000000          0.0000000000          0.0000000000          0.0000000000          0.0000000000          0.0000000000          0.0000000000          0.0000000000          0.0000000000          0.0390361734          0.0000000000          0.0000000000          0.0450000000          0.0000000000          0.0000000000          0.0157039570  
        0.0000000000          0.0000000000          0.0000000000          0.0000000000          0.0000000000          0.0000000000          0.0000000000          0.0053196972          0.0000000000          0.0000000000          0.0157039570          0.0000000000          0.0000000000          0.0150000000          0.0000000000          0.0000000000  
        0.0000000000          0.0000000000          0.0000000000          0.0000000000          0.0000000000          0.0000000000          0.0000000000          0.0000000000          0.0053196972          0.0000000000          0.0000000000          0.0157039570          0.0000000000          0.0000000000          0.0150000000          0.0000000000  
        0.0000000000          0.0000000000          0.0000000000          0.0000000000          0.0000000000          0.0000000000          0.0000000000          0.0000000000          0.0000000000          0.0053196972          0.0000000000          0.0000000000          0.0157039570          0.0000000000          0.0000000000          0.0150000000  
