      -10.0096326014         -5.0770665729         -1.0821793018         -0.5377784292         -0.2310167691         -0.1024131452         -0.0371143514          0.0000000000          0.0000000000          0.0000000000          0.0000000000          0.0000000000          0.0000000000          0.0000000000          0.0000000000          0.0000000000  
       -5.0770665729         -4.1916805400         -1.3833729574         -0.7206925486         -0.3162892676         -0.1411846233         -0.0512992862          0.0000000000          0.0000000000          0.0000000000          0.0000000000          0.0000000000          0.0000000000          0.0000000000          0.0000000000          0.0000000000  
       -1.0821793018         -1.3833729574         -1.3071190248         -0.9220701403         -0.4845215503         -0.2311196407         -0.0862365308          0.0000000000          0.0000000000          0.0000000000          0.0000000000          0.0000000000          0.0000000000          0.0000000000          0.0000000000          0.0000000000  
       -0.5377784292         -0.7206925486         -0.9220701403         -0.8105973103         -0.5232842250         -0.2758647010         -0.1076786078          0.0000000000          0.0000000000          0.0000000000          0.0000000000          0.0000000000          0.0000000000          0.0000000000          0.0000000000          0.0000000000  
       -0.2310167691         -0.3162892676         -0.4845215503         -0.5232842250         -0.4591823914         -0.3037934018         -0.1352943524          0.0000000000          0.0000000000          0.0000000000          0.0000000000          0.0000000000          0.0000000000          0.0000000000          0.0000000000          0.0000000000  
       -0.1024131452         -0.1411846233         -0.2311196407         -0.2758647010         -0.3037934018         -0.2665459934         -0.1534247630          0.0000000000          0.0000000000          0.0000000000          0.0000000000          0.0000000000          0.0000000000          0.0000000000          0.0000000000          0.0000000000  
       -0.0371143514         -0.0512992862         -0.0862365308         -0.1076786078         -0.1352943524         -0.1534247630         -0.1354055001          0.0000000000          0.0000000000          0.0000000000          0.0000000000          0.0000000000          0.0000000000          0.0000000000          0.0000000000          0.0000000000  
        0.0000000000          0.0000000000          0.0000000000          0.0000000000          0.0000000000          0.0000000000          0.0000000000         -0.9926805412          0.0000000000          0.0000000000         -0.3787605884          0.0000000000          0.0000000000         -0.1254433889          0.0000000000          0.0000000000  
        0.0000000000          0.0000000000          0.0000000000          0.0000000000          0.0000000000          0.0000000000          0.0000000000          0.0000000000         -0.9926805412          0.0000000000          0.0000000000         -0.3787605884          0.0000000000          0.0000000000         -0.1254433889          0.0000000000  
        0.0000000000          0.0000000000          0.0000000000          0.0000000000          0.0000000000          0.0000000000          0.0000000000          0.0000000000          0.0000000000         -0.9926805412          0.0000000000          0.0000000000         -0.3787605884          0.0000000000          0.0000000000         -0.1254433889  
        0.0000000000          0.0000000000          0.0000000000          0.0000000000          0.0000000000          0.0000000000          0.0000000000         -0.3787605884          0.0000000000          0.0000000000         -0.4281897879          0.0000000000          0.0000000000         -0.2440154108          0.0000000000          0.0000000000  
        0.0000000000          0.0000000000          0.0000000000          0.0000000000          0.0000000000          0.0000000000          0.0000000000          0.0000000000         -0.3787605884          0.0000000000          0.0000000000         -0.4281897879          0.0000000000          0.0000000000         -0.2440154108          0.0000000000  
        0.0000000000          0.0000000000          0.0000000000          0.0000000000          0.0000000000          0.0000000000          0.0000000000          0.0000000000          0.0000000000         -0.3787605884          0.0000000000          0.0000000000         -0.4281897879          0.0000000000          0.0000000000         -0.2440154108  
        0.0000000000          0.0000000000          0.0000000000          0.0000000000          0.0000000000          0.0000000000          0.0000000000         -0.1254433889          0.0000000000          0.0000000000         -0.2440154108          0.0000000000          0.0000000000         -0.2472154893          0.0000000000          0.0000000000  
        0.0000000000          0.0000000000          0.0000000000          0.0000000000          0.0000000000          0.0000000000          0.0000000000          0.0000000000         -0.1254433889          0.0000000000          0.0000000000         -0.2440154108          0.0000000000          0.0000000000         -0.2472154893          0.0000000000  
        0.0000000000          0.0000000000          0.0000000000          0.0000000000          0.0000000000          0.0000000000          0.0000000000          0.0000000000          0.0000000000         -0.1254433889          0.0000000000          0.0000000000         -0.2440154108          0.0000000000          0.0000000000         -0.2472154893  
