        1.0000000000          0.7387745417          0.1879262426          0.0945383835          0.0408269286          0.0181294367          0.0065742264          0.0000000000          0.0000000000          0.0000000000          0.0000000000          0.0000000000          0.0000000000          0.0000000000          0.0000000000          0.0000000000  
        0.7387745417          1.0000000000          0.4703329696          0.2540946300          0.1133432314          0.0508582091          0.0185158778          0.0000000000          0.0000000000          0.0000000000          0.0000000000          0.0000000000          0.0000000000          0.0000000000          0.0000000000          0.0000000000  
        0.1879262426          0.4703329696          1.0000000000          0.8478240208          0.4945889125          0.2450133846          0.0928054187          0.0000000000          0.0000000000          0.0000000000          0.0000000000          0.0000000000          0.0000000000          0.0000000000          0.0000000000          0.0000000000  
        0.0945383835          0.2540946300          0.8478240208          1.0000000000          0.7943532487          0.4572052528          0.1852947223          0.0000000000          0.0000000000          0.0000000000          0.0000000000          0.0000000000          0.0000000000          0.0000000000          0.0000000000          0.0000000000  
        0.0408269286          0.1133432314          0.4945889125          0.7943532487          1.0000000000          0.8091880625          0.3996716599          0.0000000000          0.0000000000          0.0000000000          0.0000000000          0.0000000000          0.0000000000          0.0000000000          0.0000000000          0.0000000000  
        0.0181294367          0.0508582091          0.2450133846          0.4572052528          0.8091880625          1.0000000000          0.7257496642          0.0000000000          0.0000000000          0.0000000000          0.0000000000          0.0000000000          0.0000000000          0.0000000000          0.0000000000          0.0000000000  
        0.0065742264          0.0185158778          0.0928054187          0.1852947223          0.3996716599          0.7257496642          1.0000000000          0.0000000000          0.0000000000          0.0000000000          0.0000000000          0.0000000000          0.0000000000          0.0000000000          0.0000000000          0.0000000000  
        0.0000000000          0.0000000000          0.0000000000          0.0000000000          0.0000000000          0.0000000000          0.0000000000          1.0000000000          0.0000000000          0.0000000000          0.5365204498          0.0000000000          0.0000000000          0.1914193897          0.0000000000          0.0000000000  
        0.0000000000          0.0000000000          0.0000000000          0.0000000000          0.0000000000          0.0000000000          0.0000000000          0.0000000000          1.0000000000          0.0000000000          0.0000000000          0.5365204498          0.0000000000          0.0000000000          0.1914193897          0.0000000000  
        0.0000000000          0.0000000000          0.0000000000          0.0000000000          0.0000000000          0.0000000000          0.0000000000          0.0000000000          0.0000000000          1.0000000000          0.0000000000          0.0000000000          0.5365204498          0.0000000000          0.0000000000          0.1914193897  
        0.0000000000          0.0000000000          0.0000000000          0.0000000000          0.0000000000          0.0000000000          0.0000000000          0.5365204498          0.0000000000          0.0000000000          1.0000000000          0.0000000000          0.0000000000          0.6979536443          0.0000000000          0.0000000000  
        0.0000000000          0.0000000000          0.0000000000          0.0000000000          0.0000000000          0.0000000000          0.0000000000          0.0000000000          0.5365204498          0.0000000000          0.0000000000          1.0000000000          0.0000000000          0.0000000000          0.6979536443          0.0000000000  
        0.0000000000          0.0000000000          0.0000000000          0.0000000000          0.0000000000          0.0000000000          0.0000000000          0.0000000000          0.0000000000          0.5365204498          0.0000000000          0.0000000000          1.0000000000          0.0000000000          0.0000000000          0.6979536443  
        0.0000000000          0.0000000000          0.0000000000          0.0000000000          0.0000000000          0.0000000000          0.0000000000          0.1914193897          0.0000000000          0.0000000000          0.6979536443          0.0000000000          0.0000000000          1.0000000000          0.0000000000          0.0000000000  
        0.0000000000          0.0000000000          0.0000000000          0.0000000000          0.0000000000          0.0000000000          0.0000000000          0.0000000000          0.1914193897          0.0000000000          0.0000000000          0.6979536443          0.0000000000          0.0000000000          1.0000000000          0.0000000000  
        0.0000000000          0.0000000000          0.0000000000          0.0000000000          0.0000000000          0.0000000000          0.0000000000          0.0000000000          0.0000000000          0.1914193897          0.0000000000          0.0000000000          0.6979536443          0.0000000000          0.0000000000          1.0000000000  
