       -5.8366927041         -1.6167722863         -1.7470159894         -3.8699190629         -2.2550249349          0.0000000000          1.8183133648  
       -1.6167722863         -5.8366927041         -1.7470159894         -3.8699190629          2.2550249349          0.0000000000          1.8183133648  
       -1.7470159894         -1.7470159894        -61.7241204085         -7.4447948217          0.0000000000          0.0000000000          0.0190024603  
       -3.8699190629         -3.8699190629         -7.4447948217        -10.1429440520          0.0000000000          0.0000000000          0.2235162033  
       -2.2550249349          2.2550249349          0.0000000000          0.0000000000        -10.1427152676          0.0000000000          0.0000000000  
        0.0000000000          0.0000000000          0.0000000000          0.0000000000          0.0000000000         -9.9863849382          0.0000000000  
        1.8183133648          1.8183133648          0.0190024603          0.2235162033          0.0000000000          0.0000000000        -10.0800326106  
